False 1001    1    1    6    1    5    7    1    0
False 1002    1 2019    6    1 5016    7    2    0
False    4    6 1016    6    1 2019    6    1    1
False    6    6 2019    6    1 3019    6    1    1
False 1005    8 7019    7    0 8016    7    0   90
False 1006    1    3    6    1    7    7    1    0
False 1007    1 2019    6    1 7019    7    2    0
False 1008    1 2019    6    1 8016    7    2    0
False 1009    1    1    6    1    8    7    1    0
False 1011    1    3    6    1    9    7    1    0
False 1012    1 2019    6    1 9019    7    2    0
